# i  X         Y         Z
  0  0.000000  0.000000  0.500000
  1  0.049009  0.000000  0.497592
  2  0.048067  0.009561  0.497592
  3  0.045278  0.018755  0.497592
  4  0.040749  0.027228  0.497592
  5  0.034654  0.034654  0.497592
  6  0.027228  0.040749  0.497592
  7  0.018755  0.045278  0.497592
  8  0.009561  0.048067  0.497592
  9  0.000000  0.049009  0.497592
 10 -0.009561  0.048067  0.497592
 11 -0.018755  0.045278  0.497592
 12 -0.027228  0.040749  0.497592
 13 -0.034654  0.034654  0.497592
 14 -0.040749  0.027228  0.497592
 15 -0.045278  0.018755  0.497592
 16 -0.048067  0.009561  0.497592
 17 -0.049009  0.000000  0.497592
 18 -0.048067 -0.009561  0.497592
 19 -0.045278 -0.018755  0.497592
 20 -0.040749 -0.027228  0.497592
 21 -0.034654 -0.034654  0.497592
 22 -0.027228 -0.040749  0.497592
 23 -0.018755 -0.045278  0.497592
 24 -0.009561 -0.048067  0.497592
 25  0.000000 -0.049009  0.497592
 26  0.009561 -0.048067  0.497592
 27  0.018755 -0.045278  0.497592
 28  0.027228 -0.040749  0.497592
 29  0.034654 -0.034654  0.497592
 30  0.040749 -0.027228  0.497592
 31  0.045278 -0.018755  0.497592
 32  0.048067 -0.009561  0.497592
 33  0.097545  0.000000  0.490393
 34  0.095671  0.019030  0.490393
 35  0.090120  0.037329  0.490393
 36  0.081106  0.054193  0.490393
 37  0.068975  0.068975  0.490393
 38  0.054193  0.081106  0.490393
 39  0.037329  0.090120  0.490393
 40  0.019030  0.095671  0.490393
 41  0.000000  0.097545  0.490393
 42 -0.019030  0.095671  0.490393
 43 -0.037329  0.090120  0.490393
 44 -0.054193  0.081106  0.490393
 45 -0.068975  0.068975  0.490393
 46 -0.081106  0.054193  0.490393
 47 -0.090120  0.037329  0.490393
 48 -0.095671  0.019030  0.490393
 49 -0.097545  0.000000  0.490393
 50 -0.095671 -0.019030  0.490393
 51 -0.090120 -0.037329  0.490393
 52 -0.081106 -0.054193  0.490393
 53 -0.068975 -0.068975  0.490393
 54 -0.054193 -0.081106  0.490393
 55 -0.037329 -0.090120  0.490393
 56 -0.019030 -0.095671  0.490393
 57  0.000000 -0.097545  0.490393
 58  0.019030 -0.095671  0.490393
 59  0.037329 -0.090120  0.490393
 60  0.054193 -0.081106  0.490393
 61  0.068975 -0.068975  0.490393
 62  0.081106 -0.054193  0.490393
 63  0.090120 -0.037329  0.490393
 64  0.095671 -0.019030  0.490393
 65  0.145142  0.000000  0.478470
 66  0.142353  0.028316  0.478470
 67  0.134094  0.055544  0.478470
 68  0.120681  0.080637  0.478470
 69  0.102631  0.102631  0.478470
 70  0.080637  0.120681  0.478470
 71  0.055544  0.134094  0.478470
 72  0.028316  0.142353  0.478470
 73  0.000000  0.145142  0.478470
 74 -0.028316  0.142353  0.478470
 75 -0.055544  0.134094  0.478470
 76 -0.080637  0.120681  0.478470
 77 -0.102631  0.102631  0.478470
 78 -0.120681  0.080637  0.478470
 79 -0.134094  0.055544  0.478470
 80 -0.142353  0.028316  0.478470
 81 -0.145142  0.000000  0.478470
 82 -0.142353 -0.028316  0.478470
 83 -0.134094 -0.055544  0.478470
 84 -0.120681 -0.080637  0.478470
 85 -0.102631 -0.102631  0.478470
 86 -0.080637 -0.120681  0.478470
 87 -0.055544 -0.134094  0.478470
 88 -0.028316 -0.142353  0.478470
 89  0.000000 -0.145142  0.478470
 90  0.028316 -0.142353  0.478470
 91  0.055544 -0.134094  0.478470
 92  0.080637 -0.120681  0.478470
 93  0.102631 -0.102631  0.478470
 94  0.120681 -0.080637  0.478470
 95  0.134094 -0.055544  0.478470
 96  0.142353 -0.028316  0.478470
 97  0.191342  0.000000  0.461940
 98  0.187665  0.037329  0.461940
 99  0.176777  0.073223  0.461940
100  0.159095  0.106304  0.461940
101  0.135299  0.135299  0.461940
102  0.106304  0.159095  0.461940
103  0.073223  0.176777  0.461940
104  0.037329  0.187665  0.461940
105  0.000000  0.191342  0.461940
106 -0.037329  0.187665  0.461940
107 -0.073223  0.176777  0.461940
108 -0.106304  0.159095  0.461940
109 -0.135299  0.135299  0.461940
110 -0.159095  0.106304  0.461940
111 -0.176777  0.073223  0.461940
112 -0.187665  0.037329  0.461940
113 -0.191342  0.000000  0.461940
114 -0.187665 -0.037329  0.461940
115 -0.176777 -0.073223  0.461940
116 -0.159095 -0.106304  0.461940
117 -0.135299 -0.135299  0.461940
118 -0.106304 -0.159095  0.461940
119 -0.073223 -0.176777  0.461940
120 -0.037329 -0.187665  0.461940
121  0.000000 -0.191342  0.461940
122  0.037329 -0.187665  0.461940
123  0.073223 -0.176777  0.461940
124  0.106304 -0.159095  0.461940
125  0.135299 -0.135299  0.461940
126  0.159095 -0.106304  0.461940
127  0.176777 -0.073223  0.461940
128  0.187665 -0.037329  0.461940
129  0.235698  0.000000  0.440961
130  0.231169  0.045982  0.440961
131  0.217757  0.090198  0.440961
132  0.195976  0.130947  0.440961
133  0.166664  0.166664  0.440961
134  0.130947  0.195976  0.440961
135  0.090198  0.217757  0.440961
136  0.045982  0.231169  0.440961
137  0.000000  0.235698  0.440961
138 -0.045982  0.231169  0.440961
139 -0.090198  0.217757  0.440961
140 -0.130947  0.195976  0.440961
141 -0.166664  0.166664  0.440961
142 -0.195976  0.130947  0.440961
143 -0.217757  0.090198  0.440961
144 -0.231169  0.045982  0.440961
145 -0.235698  0.000000  0.440961
146 -0.231169 -0.045982  0.440961
147 -0.217757 -0.090198  0.440961
148 -0.195976 -0.130947  0.440961
149 -0.166664 -0.166664  0.440961
150 -0.130947 -0.195976  0.440961
151 -0.090198 -0.217757  0.440961
152 -0.045982 -0.231169  0.440961
153  0.000000 -0.235698  0.440961
154  0.045982 -0.231169  0.440961
155  0.090198 -0.217757  0.440961
156  0.130947 -0.195976  0.440961
157  0.166664 -0.166664  0.440961
158  0.195976 -0.130947  0.440961
159  0.217757 -0.090198  0.440961
160  0.231169 -0.045982  0.440961
161  0.277785  0.000000  0.415735
162  0.272448  0.054193  0.415735
163  0.256640  0.106304  0.415735
164  0.230970  0.154329  0.415735
165  0.196424  0.196424  0.415735
166  0.154329  0.230970  0.415735
167  0.106304  0.256640  0.415735
168  0.054193  0.272448  0.415735
169  0.000000  0.277785  0.415735
170 -0.054193  0.272448  0.415735
171 -0.106304  0.256640  0.415735
172 -0.154329  0.230970  0.415735
173 -0.196424  0.196424  0.415735
174 -0.230970  0.154329  0.415735
175 -0.256640  0.106304  0.415735
176 -0.272448  0.054193  0.415735
177 -0.277785  0.000000  0.415735
178 -0.272448 -0.054193  0.415735
179 -0.256640 -0.106304  0.415735
180 -0.230970 -0.154329  0.415735
181 -0.196424 -0.196424  0.415735
182 -0.154329 -0.230970  0.415735
183 -0.106304 -0.256640  0.415735
184 -0.054193 -0.272448  0.415735
185  0.000000 -0.277785  0.415735
186  0.054193 -0.272448  0.415735
187  0.106304 -0.256640  0.415735
188  0.154329 -0.230970  0.415735
189  0.196424 -0.196424  0.415735
190  0.230970 -0.154329  0.415735
191  0.256640 -0.106304  0.415735
192  0.272448 -0.054193  0.415735
193  0.317197  0.000000  0.386505
194  0.311102  0.061882  0.386505
195  0.293051  0.121386  0.386505
196  0.263739  0.176225  0.386505
197  0.224292  0.224292  0.386505
198  0.176225  0.263739  0.386505
199  0.121386  0.293051  0.386505
200  0.061882  0.311102  0.386505
201  0.000000  0.317197  0.386505
202 -0.061882  0.311102  0.386505
203 -0.121386  0.293051  0.386505
204 -0.176225  0.263739  0.386505
205 -0.224292  0.224292  0.386505
206 -0.263739  0.176225  0.386505
207 -0.293051  0.121386  0.386505
208 -0.311102  0.061882  0.386505
209 -0.317197  0.000000  0.386505
210 -0.311102 -0.061882  0.386505
211 -0.293051 -0.121386  0.386505
212 -0.263739 -0.176225  0.386505
213 -0.224292 -0.224292  0.386505
214 -0.176225 -0.263739  0.386505
215 -0.121386 -0.293051  0.386505
216 -0.061882 -0.311102  0.386505
217  0.000000 -0.317197  0.386505
218  0.061882 -0.311102  0.386505
219  0.121386 -0.293051  0.386505
220  0.176225 -0.263739  0.386505
221  0.224292 -0.224292  0.386505
222  0.263739 -0.176225  0.386505
223  0.293051 -0.121386  0.386505
224  0.311102 -0.061882  0.386505
225  0.353553  0.000000  0.353553
226  0.346760  0.068975  0.353553
227  0.326641  0.135299  0.353553
228  0.293969  0.196424  0.353553
229  0.250000  0.250000  0.353553
230  0.196424  0.293969  0.353553
231  0.135299  0.326641  0.353553
232  0.068975  0.346760  0.353553
233  0.000000  0.353553  0.353553
234 -0.068975  0.346760  0.353553
235 -0.135299  0.326641  0.353553
236 -0.196424  0.293969  0.353553
237 -0.250000  0.250000  0.353553
238 -0.293969  0.196424  0.353553
239 -0.326641  0.135299  0.353553
240 -0.346760  0.068975  0.353553
241 -0.353553  0.000000  0.353553
242 -0.346760 -0.068975  0.353553
243 -0.326641 -0.135299  0.353553
244 -0.293969 -0.196424  0.353553
245 -0.250000 -0.250000  0.353553
246 -0.196424 -0.293969  0.353553
247 -0.135299 -0.326641  0.353553
248 -0.068975 -0.346760  0.353553
249  0.000000 -0.353553  0.353553
250  0.068975 -0.346760  0.353553
251  0.135299 -0.326641  0.353553
252  0.196424 -0.293969  0.353553
253  0.250000 -0.250000  0.353553
254  0.293969 -0.196424  0.353553
255  0.326641 -0.135299  0.353553
256  0.346760 -0.068975  0.353553
257  0.386505  0.000000  0.317197
258  0.379079  0.075403  0.317197
259  0.357084  0.147909  0.317197
260  0.321367  0.214731  0.317197
261  0.273300  0.273300  0.317197
262  0.214731  0.321367  0.317197
263  0.147909  0.357084  0.317197
264  0.075403  0.379079  0.317197
265  0.000000  0.386505  0.317197
266 -0.075403  0.379079  0.317197
267 -0.147909  0.357084  0.317197
268 -0.214731  0.321367  0.317197
269 -0.273300  0.273300  0.317197
270 -0.321367  0.214731  0.317197
271 -0.357084  0.147909  0.317197
272 -0.379079  0.075403  0.317197
273 -0.386505  0.000000  0.317197
274 -0.379079 -0.075403  0.317197
275 -0.357084 -0.147909  0.317197
276 -0.321367 -0.214731  0.317197
277 -0.273300 -0.273300  0.317197
278 -0.214731 -0.321367  0.317197
279 -0.147909 -0.357084  0.317197
280 -0.075403 -0.379079  0.317197
281  0.000000 -0.386505  0.317197
282  0.075403 -0.379079  0.317197
283  0.147909 -0.357084  0.317197
284  0.214731 -0.321367  0.317197
285  0.273300 -0.273300  0.317197
286  0.321367 -0.214731  0.317197
287  0.357084 -0.147909  0.317197
288  0.379079 -0.075403  0.317197
289  0.415735  0.000000  0.277785
290  0.407747  0.081106  0.277785
291  0.384089  0.159095  0.277785
292  0.345671  0.230970  0.277785
293  0.293969  0.293969  0.277785
294  0.230970  0.345671  0.277785
295  0.159095  0.384089  0.277785
296  0.081106  0.407747  0.277785
297  0.000000  0.415735  0.277785
298 -0.081106  0.407747  0.277785
299 -0.159095  0.384089  0.277785
300 -0.230970  0.345671  0.277785
301 -0.293969  0.293969  0.277785
302 -0.345671  0.230970  0.277785
303 -0.384089  0.159095  0.277785
304 -0.407747  0.081106  0.277785
305 -0.415735  0.000000  0.277785
306 -0.407747 -0.081106  0.277785
307 -0.384089 -0.159095  0.277785
308 -0.345671 -0.230970  0.277785
309 -0.293969 -0.293969  0.277785
310 -0.230970 -0.345671  0.277785
311 -0.159095 -0.384089  0.277785
312 -0.081106 -0.407747  0.277785
313  0.000000 -0.415735  0.277785
314  0.081106 -0.407747  0.277785
315  0.159095 -0.384089  0.277785
316  0.230970 -0.345671  0.277785
317  0.293969 -0.293969  0.277785
318  0.345671 -0.230970  0.277785
319  0.384089 -0.159095  0.277785
320  0.407747 -0.081106  0.277785
321  0.440961  0.000000  0.235698
322  0.432488  0.086027  0.235698
323  0.407395  0.168748  0.235698
324  0.366645  0.244985  0.235698
325  0.311806  0.311806  0.235698
326  0.244985  0.366645  0.235698
327  0.168748  0.407395  0.235698
328  0.086027  0.432488  0.235698
329  0.000000  0.440961  0.235698
330 -0.086027  0.432488  0.235698
331 -0.168748  0.407395  0.235698
332 -0.244985  0.366645  0.235698
333 -0.311806  0.311806  0.235698
334 -0.366645  0.244985  0.235698
335 -0.407395  0.168748  0.235698
336 -0.432488  0.086027  0.235698
337 -0.440961  0.000000  0.235698
338 -0.432488 -0.086027  0.235698
339 -0.407395 -0.168748  0.235698
340 -0.366645 -0.244985  0.235698
341 -0.311806 -0.311806  0.235698
342 -0.244985 -0.366645  0.235698
343 -0.168748 -0.407395  0.235698
344 -0.086027 -0.432488  0.235698
345  0.000000 -0.440961  0.235698
346  0.086027 -0.432488  0.235698
347  0.168748 -0.407395  0.235698
348  0.244985 -0.366645  0.235698
349  0.311806 -0.311806  0.235698
350  0.366645 -0.244985  0.235698
351  0.407395 -0.168748  0.235698
352  0.432488 -0.086027  0.235698
353  0.461940  0.000000  0.191342
354  0.453064  0.090120  0.191342
355  0.426777  0.176777  0.191342
356  0.384089  0.256640  0.191342
357  0.326641  0.326641  0.191342
358  0.256640  0.384089  0.191342
359  0.176777  0.426777  0.191342
360  0.090120  0.453064  0.191342
361  0.000000  0.461940  0.191342
362 -0.090120  0.453064  0.191342
363 -0.176777  0.426777  0.191342
364 -0.256640  0.384089  0.191342
365 -0.326641  0.326641  0.191342
366 -0.384089  0.256640  0.191342
367 -0.426777  0.176777  0.191342
368 -0.453064  0.090120  0.191342
369 -0.461940  0.000000  0.191342
370 -0.453064 -0.090120  0.191342
371 -0.426777 -0.176777  0.191342
372 -0.384089 -0.256640  0.191342
373 -0.326641 -0.326641  0.191342
374 -0.256640 -0.384089  0.191342
375 -0.176777 -0.426777  0.191342
376 -0.090120 -0.453064  0.191342
377  0.000000 -0.461940  0.191342
378  0.090120 -0.453064  0.191342
379  0.176777 -0.426777  0.191342
380  0.256640 -0.384089  0.191342
381  0.326641 -0.326641  0.191342
382  0.384089 -0.256640  0.191342
383  0.426777 -0.176777  0.191342
384  0.453064 -0.090120  0.191342
385  0.478470  0.000000  0.145142
386  0.469276  0.093345  0.145142
387  0.442049  0.183103  0.145142
388  0.397833  0.265824  0.145142
389  0.338330  0.338330  0.145142
390  0.265824  0.397833  0.145142
391  0.183103  0.442049  0.145142
392  0.093345  0.469276  0.145142
393  0.000000  0.478470  0.145142
394 -0.093345  0.469276  0.145142
395 -0.183103  0.442049  0.145142
396 -0.265824  0.397833  0.145142
397 -0.338330  0.338330  0.145142
398 -0.397833  0.265824  0.145142
399 -0.442049  0.183103  0.145142
400 -0.469276  0.093345  0.145142
401 -0.478470  0.000000  0.145142
402 -0.469276 -0.093345  0.145142
403 -0.442049 -0.183103  0.145142
404 -0.397833 -0.265824  0.145142
405 -0.338330 -0.338330  0.145142
406 -0.265824 -0.397833  0.145142
407 -0.183103 -0.442049  0.145142
408 -0.093345 -0.469276  0.145142
409  0.000000 -0.478470  0.145142
410  0.093345 -0.469276  0.145142
411  0.183103 -0.442049  0.145142
412  0.265824 -0.397833  0.145142
413  0.338330 -0.338330  0.145142
414  0.397833 -0.265824  0.145142
415  0.442049 -0.183103  0.145142
416  0.469276 -0.093345  0.145142
417  0.490393  0.000000  0.097545
418  0.480970  0.095671  0.097545
419  0.453064  0.187665  0.097545
420  0.407747  0.272448  0.097545
421  0.346760  0.346760  0.097545
422  0.272448  0.407747  0.097545
423  0.187665  0.453064  0.097545
424  0.095671  0.480970  0.097545
425  0.000000  0.490393  0.097545
426 -0.095671  0.480970  0.097545
427 -0.187665  0.453064  0.097545
428 -0.272448  0.407747  0.097545
429 -0.346760  0.346760  0.097545
430 -0.407747  0.272448  0.097545
431 -0.453064  0.187665  0.097545
432 -0.480970  0.095671  0.097545
433 -0.490393  0.000000  0.097545
434 -0.480970 -0.095671  0.097545
435 -0.453064 -0.187665  0.097545
436 -0.407747 -0.272448  0.097545
437 -0.346760 -0.346760  0.097545
438 -0.272448 -0.407747  0.097545
439 -0.187665 -0.453064  0.097545
440 -0.095671 -0.480970  0.097545
441  0.000000 -0.490393  0.097545
442  0.095671 -0.480970  0.097545
443  0.187665 -0.453064  0.097545
444  0.272448 -0.407747  0.097545
445  0.346760 -0.346760  0.097545
446  0.407747 -0.272448  0.097545
447  0.453064 -0.187665  0.097545
448  0.480970 -0.095671  0.097545
449  0.497592  0.000000  0.049009
450  0.488031  0.097075  0.049009
451  0.459715  0.190420  0.049009
452  0.413733  0.276448  0.049009
453  0.351851  0.351851  0.049009
454  0.276448  0.413733  0.049009
455  0.190420  0.459715  0.049009
456  0.097075  0.488031  0.049009
457  0.000000  0.497592  0.049009
458 -0.097075  0.488031  0.049009
459 -0.190420  0.459715  0.049009
460 -0.276448  0.413733  0.049009
461 -0.351851  0.351851  0.049009
462 -0.413733  0.276448  0.049009
463 -0.459715  0.190420  0.049009
464 -0.488031  0.097075  0.049009
465 -0.497592  0.000000  0.049009
466 -0.488031 -0.097075  0.049009
467 -0.459715 -0.190420  0.049009
468 -0.413733 -0.276448  0.049009
469 -0.351851 -0.351851  0.049009
470 -0.276448 -0.413733  0.049009
471 -0.190420 -0.459715  0.049009
472 -0.097075 -0.488031  0.049009
473  0.000000 -0.497592  0.049009
474  0.097075 -0.488031  0.049009
475  0.190420 -0.459715  0.049009
476  0.276448 -0.413733  0.049009
477  0.351851 -0.351851  0.049009
478  0.413733 -0.276448  0.049009
479  0.459715 -0.190420  0.049009
480  0.488031 -0.097075  0.049009
481  0.500000  0.000000  0.000000
482  0.490393  0.097545  0.000000
483  0.461940  0.191342  0.000000
484  0.415735  0.277785  0.000000
485  0.353553  0.353553  0.000000
486  0.277785  0.415735  0.000000
487  0.191342  0.461940  0.000000
488  0.097545  0.490393  0.000000
489  0.000000  0.500000  0.000000
490 -0.097545  0.490393  0.000000
491 -0.191342  0.461940  0.000000
492 -0.277785  0.415735  0.000000
493 -0.353553  0.353553  0.000000
494 -0.415735  0.277785  0.000000
495 -0.461940  0.191342  0.000000
496 -0.490393  0.097545  0.000000
497 -0.500000  0.000000  0.000000
498 -0.490393 -0.097545  0.000000
499 -0.461940 -0.191342  0.000000
500 -0.415735 -0.277785  0.000000
501 -0.353553 -0.353553  0.000000
502 -0.277785 -0.415735  0.000000
503 -0.191342 -0.461940  0.000000
504 -0.097545 -0.490393  0.000000
505  0.000000 -0.500000  0.000000
506  0.097545 -0.490393  0.000000
507  0.191342 -0.461940  0.000000
508  0.277785 -0.415735  0.000000
509  0.353553 -0.353553  0.000000
510  0.415735 -0.277785  0.000000
511  0.461940 -0.191342  0.000000
512  0.490393 -0.097545  0.000000
513  0.497592  0.000000 -0.049009
514  0.488031  0.097075 -0.049009
515  0.459715  0.190420 -0.049009
516  0.413733  0.276448 -0.049009
517  0.351851  0.351851 -0.049009
518  0.276448  0.413733 -0.049009
519  0.190420  0.459715 -0.049009
520  0.097075  0.488031 -0.049009
521  0.000000  0.497592 -0.049009
522 -0.097075  0.488031 -0.049009
523 -0.190420  0.459715 -0.049009
524 -0.276448  0.413733 -0.049009
525 -0.351851  0.351851 -0.049009
526 -0.413733  0.276448 -0.049009
527 -0.459715  0.190420 -0.049009
528 -0.488031  0.097075 -0.049009
529 -0.497592  0.000000 -0.049009
530 -0.488031 -0.097075 -0.049009
531 -0.459715 -0.190420 -0.049009
532 -0.413733 -0.276448 -0.049009
533 -0.351851 -0.351851 -0.049009
534 -0.276448 -0.413733 -0.049009
535 -0.190420 -0.459715 -0.049009
536 -0.097075 -0.488031 -0.049009
537  0.000000 -0.497592 -0.049009
538  0.097075 -0.488031 -0.049009
539  0.190420 -0.459715 -0.049009
540  0.276448 -0.413733 -0.049009
541  0.351851 -0.351851 -0.049009
542  0.413733 -0.276448 -0.049009
543  0.459715 -0.190420 -0.049009
544  0.488031 -0.097075 -0.049009
545  0.490393  0.000000 -0.097545
546  0.480970  0.095671 -0.097545
547  0.453064  0.187665 -0.097545
548  0.407747  0.272448 -0.097545
549  0.346760  0.346760 -0.097545
550  0.272448  0.407747 -0.097545
551  0.187665  0.453064 -0.097545
552  0.095671  0.480970 -0.097545
553  0.000000  0.490393 -0.097545
554 -0.095671  0.480970 -0.097545
555 -0.187665  0.453064 -0.097545
556 -0.272448  0.407747 -0.097545
557 -0.346760  0.346760 -0.097545
558 -0.407747  0.272448 -0.097545
559 -0.453064  0.187665 -0.097545
560 -0.480970  0.095671 -0.097545
561 -0.490393  0.000000 -0.097545
562 -0.480970 -0.095671 -0.097545
563 -0.453064 -0.187665 -0.097545
564 -0.407747 -0.272448 -0.097545
565 -0.346760 -0.346760 -0.097545
566 -0.272448 -0.407747 -0.097545
567 -0.187665 -0.453064 -0.097545
568 -0.095671 -0.480970 -0.097545
569  0.000000 -0.490393 -0.097545
570  0.095671 -0.480970 -0.097545
571  0.187665 -0.453064 -0.097545
572  0.272448 -0.407747 -0.097545
573  0.346760 -0.346760 -0.097545
574  0.407747 -0.272448 -0.097545
575  0.453064 -0.187665 -0.097545
576  0.480970 -0.095671 -0.097545
577  0.478470  0.000000 -0.145142
578  0.469276  0.093345 -0.145142
579  0.442049  0.183103 -0.145142
580  0.397833  0.265824 -0.145142
581  0.338330  0.338330 -0.145142
582  0.265824  0.397833 -0.145142
583  0.183103  0.442049 -0.145142
584  0.093345  0.469276 -0.145142
585  0.000000  0.478470 -0.145142
586 -0.093345  0.469276 -0.145142
587 -0.183103  0.442049 -0.145142
588 -0.265824  0.397833 -0.145142
589 -0.338330  0.338330 -0.145142
590 -0.397833  0.265824 -0.145142
591 -0.442049  0.183103 -0.145142
592 -0.469276  0.093345 -0.145142
593 -0.478470  0.000000 -0.145142
594 -0.469276 -0.093345 -0.145142
595 -0.442049 -0.183103 -0.145142
596 -0.397833 -0.265824 -0.145142
597 -0.338330 -0.338330 -0.145142
598 -0.265824 -0.397833 -0.145142
599 -0.183103 -0.442049 -0.145142
600 -0.093345 -0.469276 -0.145142
601  0.000000 -0.478470 -0.145142
602  0.093345 -0.469276 -0.145142
603  0.183103 -0.442049 -0.145142
604  0.265824 -0.397833 -0.145142
605  0.338330 -0.338330 -0.145142
606  0.397833 -0.265824 -0.145142
607  0.442049 -0.183103 -0.145142
608  0.469276 -0.093345 -0.145142
609  0.461940  0.000000 -0.191342
610  0.453064  0.090120 -0.191342
611  0.426777  0.176777 -0.191342
612  0.384089  0.256640 -0.191342
613  0.326641  0.326641 -0.191342
614  0.256640  0.384089 -0.191342
615  0.176777  0.426777 -0.191342
616  0.090120  0.453064 -0.191342
617  0.000000  0.461940 -0.191342
618 -0.090120  0.453064 -0.191342
619 -0.176777  0.426777 -0.191342
620 -0.256640  0.384089 -0.191342
621 -0.326641  0.326641 -0.191342
622 -0.384089  0.256640 -0.191342
623 -0.426777  0.176777 -0.191342
624 -0.453064  0.090120 -0.191342
625 -0.461940  0.000000 -0.191342
626 -0.453064 -0.090120 -0.191342
627 -0.426777 -0.176777 -0.191342
628 -0.384089 -0.256640 -0.191342
629 -0.326641 -0.326641 -0.191342
630 -0.256640 -0.384089 -0.191342
631 -0.176777 -0.426777 -0.191342
632 -0.090120 -0.453064 -0.191342
633  0.000000 -0.461940 -0.191342
634  0.090120 -0.453064 -0.191342
635  0.176777 -0.426777 -0.191342
636  0.256640 -0.384089 -0.191342
637  0.326641 -0.326641 -0.191342
638  0.384089 -0.256640 -0.191342
639  0.426777 -0.176777 -0.191342
640  0.453064 -0.090120 -0.191342
641  0.440961  0.000000 -0.235698
642  0.432488  0.086027 -0.235698
643  0.407395  0.168748 -0.235698
644  0.366645  0.244985 -0.235698
645  0.311806  0.311806 -0.235698
646  0.244985  0.366645 -0.235698
647  0.168748  0.407395 -0.235698
648  0.086027  0.432488 -0.235698
649  0.000000  0.440961 -0.235698
650 -0.086027  0.432488 -0.235698
651 -0.168748  0.407395 -0.235698
652 -0.244985  0.366645 -0.235698
653 -0.311806  0.311806 -0.235698
654 -0.366645  0.244985 -0.235698
655 -0.407395  0.168748 -0.235698
656 -0.432488  0.086027 -0.235698
657 -0.440961  0.000000 -0.235698
658 -0.432488 -0.086027 -0.235698
659 -0.407395 -0.168748 -0.235698
660 -0.366645 -0.244985 -0.235698
661 -0.311806 -0.311806 -0.235698
662 -0.244985 -0.366645 -0.235698
663 -0.168748 -0.407395 -0.235698
664 -0.086027 -0.432488 -0.235698
665  0.000000 -0.440961 -0.235698
666  0.086027 -0.432488 -0.235698
667  0.168748 -0.407395 -0.235698
668  0.244985 -0.366645 -0.235698
669  0.311806 -0.311806 -0.235698
670  0.366645 -0.244985 -0.235698
671  0.407395 -0.168748 -0.235698
672  0.432488 -0.086027 -0.235698
673  0.415735  0.000000 -0.277785
674  0.407747  0.081106 -0.277785
675  0.384089  0.159095 -0.277785
676  0.345671  0.230970 -0.277785
677  0.293969  0.293969 -0.277785
678  0.230970  0.345671 -0.277785
679  0.159095  0.384089 -0.277785
680  0.081106  0.407747 -0.277785
681  0.000000  0.415735 -0.277785
682 -0.081106  0.407747 -0.277785
683 -0.159095  0.384089 -0.277785
684 -0.230970  0.345671 -0.277785
685 -0.293969  0.293969 -0.277785
686 -0.345671  0.230970 -0.277785
687 -0.384089  0.159095 -0.277785
688 -0.407747  0.081106 -0.277785
689 -0.415735  0.000000 -0.277785
690 -0.407747 -0.081106 -0.277785
691 -0.384089 -0.159095 -0.277785
692 -0.345671 -0.230970 -0.277785
693 -0.293969 -0.293969 -0.277785
694 -0.230970 -0.345671 -0.277785
695 -0.159095 -0.384089 -0.277785
696 -0.081106 -0.407747 -0.277785
697  0.000000 -0.415735 -0.277785
698  0.081106 -0.407747 -0.277785
699  0.159095 -0.384089 -0.277785
700  0.230970 -0.345671 -0.277785
701  0.293969 -0.293969 -0.277785
702  0.345671 -0.230970 -0.277785
703  0.384089 -0.159095 -0.277785
704  0.407747 -0.081106 -0.277785
705  0.386505  0.000000 -0.317197
706  0.379079  0.075403 -0.317197
707  0.357084  0.147909 -0.317197
708  0.321367  0.214731 -0.317197
709  0.273300  0.273300 -0.317197
710  0.214731  0.321367 -0.317197
711  0.147909  0.357084 -0.317197
712  0.075403  0.379079 -0.317197
713  0.000000  0.386505 -0.317197
714 -0.075403  0.379079 -0.317197
715 -0.147909  0.357084 -0.317197
716 -0.214731  0.321367 -0.317197
717 -0.273300  0.273300 -0.317197
718 -0.321367  0.214731 -0.317197
719 -0.357084  0.147909 -0.317197
720 -0.379079  0.075403 -0.317197
721 -0.386505  0.000000 -0.317197
722 -0.379079 -0.075403 -0.317197
723 -0.357084 -0.147909 -0.317197
724 -0.321367 -0.214731 -0.317197
725 -0.273300 -0.273300 -0.317197
726 -0.214731 -0.321367 -0.317197
727 -0.147909 -0.357084 -0.317197
728 -0.075403 -0.379079 -0.317197
729  0.000000 -0.386505 -0.317197
730  0.075403 -0.379079 -0.317197
731  0.147909 -0.357084 -0.317197
732  0.214731 -0.321367 -0.317197
733  0.273300 -0.273300 -0.317197
734  0.321367 -0.214731 -0.317197
735  0.357084 -0.147909 -0.317197
736  0.379079 -0.075403 -0.317197
737  0.353553  0.000000 -0.353553
738  0.346760  0.068975 -0.353553
739  0.326641  0.135299 -0.353553
740  0.293969  0.196424 -0.353553
741  0.250000  0.250000 -0.353553
742  0.196424  0.293969 -0.353553
743  0.135299  0.326641 -0.353553
744  0.068975  0.346760 -0.353553
745  0.000000  0.353553 -0.353553
746 -0.068975  0.346760 -0.353553
747 -0.135299  0.326641 -0.353553
748 -0.196424  0.293969 -0.353553
749 -0.250000  0.250000 -0.353553
750 -0.293969  0.196424 -0.353553
751 -0.326641  0.135299 -0.353553
752 -0.346760  0.068975 -0.353553
753 -0.353553  0.000000 -0.353553
754 -0.346760 -0.068975 -0.353553
755 -0.326641 -0.135299 -0.353553
756 -0.293969 -0.196424 -0.353553
757 -0.250000 -0.250000 -0.353553
758 -0.196424 -0.293969 -0.353553
759 -0.135299 -0.326641 -0.353553
760 -0.068975 -0.346760 -0.353553
761  0.000000 -0.353553 -0.353553
762  0.068975 -0.346760 -0.353553
763  0.135299 -0.326641 -0.353553
764  0.196424 -0.293969 -0.353553
765  0.250000 -0.250000 -0.353553
766  0.293969 -0.196424 -0.353553
767  0.326641 -0.135299 -0.353553
768  0.346760 -0.068975 -0.353553
769  0.317197  0.000000 -0.386505
770  0.311102  0.061882 -0.386505
771  0.293051  0.121386 -0.386505
772  0.263739  0.176225 -0.386505
773  0.224292  0.224292 -0.386505
774  0.176225  0.263739 -0.386505
775  0.121386  0.293051 -0.386505
776  0.061882  0.311102 -0.386505
777  0.000000  0.317197 -0.386505
778 -0.061882  0.311102 -0.386505
779 -0.121386  0.293051 -0.386505
780 -0.176225  0.263739 -0.386505
781 -0.224292  0.224292 -0.386505
782 -0.263739  0.176225 -0.386505
783 -0.293051  0.121386 -0.386505
784 -0.311102  0.061882 -0.386505
785 -0.317197  0.000000 -0.386505
786 -0.311102 -0.061882 -0.386505
787 -0.293051 -0.121386 -0.386505
788 -0.263739 -0.176225 -0.386505
789 -0.224292 -0.224292 -0.386505
790 -0.176225 -0.263739 -0.386505
791 -0.121386 -0.293051 -0.386505
792 -0.061882 -0.311102 -0.386505
793  0.000000 -0.317197 -0.386505
794  0.061882 -0.311102 -0.386505
795  0.121386 -0.293051 -0.386505
796  0.176225 -0.263739 -0.386505
797  0.224292 -0.224292 -0.386505
798  0.263739 -0.176225 -0.386505
799  0.293051 -0.121386 -0.386505
800  0.311102 -0.061882 -0.386505
801  0.277785  0.000000 -0.415735
802  0.272448  0.054193 -0.415735
803  0.256640  0.106304 -0.415735
804  0.230970  0.154329 -0.415735
805  0.196424  0.196424 -0.415735
806  0.154329  0.230970 -0.415735
807  0.106304  0.256640 -0.415735
808  0.054193  0.272448 -0.415735
809  0.000000  0.277785 -0.415735
810 -0.054193  0.272448 -0.415735
811 -0.106304  0.256640 -0.415735
812 -0.154329  0.230970 -0.415735
813 -0.196424  0.196424 -0.415735
814 -0.230970  0.154329 -0.415735
815 -0.256640  0.106304 -0.415735
816 -0.272448  0.054193 -0.415735
817 -0.277785  0.000000 -0.415735
818 -0.272448 -0.054193 -0.415735
819 -0.256640 -0.106304 -0.415735
820 -0.230970 -0.154329 -0.415735
821 -0.196424 -0.196424 -0.415735
822 -0.154329 -0.230970 -0.415735
823 -0.106304 -0.256640 -0.415735
824 -0.054193 -0.272448 -0.415735
825  0.000000 -0.277785 -0.415735
826  0.054193 -0.272448 -0.415735
827  0.106304 -0.256640 -0.415735
828  0.154329 -0.230970 -0.415735
829  0.196424 -0.196424 -0.415735
830  0.230970 -0.154329 -0.415735
831  0.256640 -0.106304 -0.415735
832  0.272448 -0.054193 -0.415735
833  0.235698  0.000000 -0.440961
834  0.231169  0.045982 -0.440961
835  0.217757  0.090198 -0.440961
836  0.195976  0.130947 -0.440961
837  0.166664  0.166664 -0.440961
838  0.130947  0.195976 -0.440961
839  0.090198  0.217757 -0.440961
840  0.045982  0.231169 -0.440961
841  0.000000  0.235698 -0.440961
842 -0.045982  0.231169 -0.440961
843 -0.090198  0.217757 -0.440961
844 -0.130947  0.195976 -0.440961
845 -0.166664  0.166664 -0.440961
846 -0.195976  0.130947 -0.440961
847 -0.217757  0.090198 -0.440961
848 -0.231169  0.045982 -0.440961
849 -0.235698  0.000000 -0.440961
850 -0.231169 -0.045982 -0.440961
851 -0.217757 -0.090198 -0.440961
852 -0.195976 -0.130947 -0.440961
853 -0.166664 -0.166664 -0.440961
854 -0.130947 -0.195976 -0.440961
855 -0.090198 -0.217757 -0.440961
856 -0.045982 -0.231169 -0.440961
857  0.000000 -0.235698 -0.440961
858  0.045982 -0.231169 -0.440961
859  0.090198 -0.217757 -0.440961
860  0.130947 -0.195976 -0.440961
861  0.166664 -0.166664 -0.440961
862  0.195976 -0.130947 -0.440961
863  0.217757 -0.090198 -0.440961
864  0.231169 -0.045982 -0.440961
865  0.191342  0.000000 -0.461940
866  0.187665  0.037329 -0.461940
867  0.176777  0.073223 -0.461940
868  0.159095  0.106304 -0.461940
869  0.135299  0.135299 -0.461940
870  0.106304  0.159095 -0.461940
871  0.073223  0.176777 -0.461940
872  0.037329  0.187665 -0.461940
873  0.000000  0.191342 -0.461940
874 -0.037329  0.187665 -0.461940
875 -0.073223  0.176777 -0.461940
876 -0.106304  0.159095 -0.461940
877 -0.135299  0.135299 -0.461940
878 -0.159095  0.106304 -0.461940
879 -0.176777  0.073223 -0.461940
880 -0.187665  0.037329 -0.461940
881 -0.191342  0.000000 -0.461940
882 -0.187665 -0.037329 -0.461940
883 -0.176777 -0.073223 -0.461940
884 -0.159095 -0.106304 -0.461940
885 -0.135299 -0.135299 -0.461940
886 -0.106304 -0.159095 -0.461940
887 -0.073223 -0.176777 -0.461940
888 -0.037329 -0.187665 -0.461940
889  0.000000 -0.191342 -0.461940
890  0.037329 -0.187665 -0.461940
891  0.073223 -0.176777 -0.461940
892  0.106304 -0.159095 -0.461940
893  0.135299 -0.135299 -0.461940
894  0.159095 -0.106304 -0.461940
895  0.176777 -0.073223 -0.461940
896  0.187665 -0.037329 -0.461940
897  0.145142  0.000000 -0.478470
898  0.142353  0.028316 -0.478470
899  0.134094  0.055544 -0.478470
900  0.120681  0.080637 -0.478470
901  0.102631  0.102631 -0.478470
902  0.080637  0.120681 -0.478470
903  0.055544  0.134094 -0.478470
904  0.028316  0.142353 -0.478470
905  0.000000  0.145142 -0.478470
906 -0.028316  0.142353 -0.478470
907 -0.055544  0.134094 -0.478470
908 -0.080637  0.120681 -0.478470
909 -0.102631  0.102631 -0.478470
910 -0.120681  0.080637 -0.478470
911 -0.134094  0.055544 -0.478470
912 -0.142353  0.028316 -0.478470
913 -0.145142  0.000000 -0.478470
914 -0.142353 -0.028316 -0.478470
915 -0.134094 -0.055544 -0.478470
916 -0.120681 -0.080637 -0.478470
917 -0.102631 -0.102631 -0.478470
918 -0.080637 -0.120681 -0.478470
919 -0.055544 -0.134094 -0.478470
920 -0.028316 -0.142353 -0.478470
921  0.000000 -0.145142 -0.478470
922  0.028316 -0.142353 -0.478470
923  0.055544 -0.134094 -0.478470
924  0.080637 -0.120681 -0.478470
925  0.102631 -0.102631 -0.478470
926  0.120681 -0.080637 -0.478470
927  0.134094 -0.055544 -0.478470
928  0.142353 -0.028316 -0.478470
929  0.097545  0.000000 -0.490393
930  0.095671  0.019030 -0.490393
931  0.090120  0.037329 -0.490393
932  0.081106  0.054193 -0.490393
933  0.068975  0.068975 -0.490393
934  0.054193  0.081106 -0.490393
935  0.037329  0.090120 -0.490393
936  0.019030  0.095671 -0.490393
937  0.000000  0.097545 -0.490393
938 -0.019030  0.095671 -0.490393
939 -0.037329  0.090120 -0.490393
940 -0.054193  0.081106 -0.490393
941 -0.068975  0.068975 -0.490393
942 -0.081106  0.054193 -0.490393
943 -0.090120  0.037329 -0.490393
944 -0.095671  0.019030 -0.490393
945 -0.097545  0.000000 -0.490393
946 -0.095671 -0.019030 -0.490393
947 -0.090120 -0.037329 -0.490393
948 -0.081106 -0.054193 -0.490393
949 -0.068975 -0.068975 -0.490393
950 -0.054193 -0.081106 -0.490393
951 -0.037329 -0.090120 -0.490393
952 -0.019030 -0.095671 -0.490393
953  0.000000 -0.097545 -0.490393
954  0.019030 -0.095671 -0.490393
955  0.037329 -0.090120 -0.490393
956  0.054193 -0.081106 -0.490393
957  0.068975 -0.068975 -0.490393
958  0.081106 -0.054193 -0.490393
959  0.090120 -0.037329 -0.490393
960  0.095671 -0.019030 -0.490393
961  0.049009  0.000000 -0.497592
962  0.048067  0.009561 -0.497592
963  0.045278  0.018755 -0.497592
964  0.040749  0.027228 -0.497592
965  0.034654  0.034654 -0.497592
966  0.027228  0.040749 -0.497592
967  0.018755  0.045278 -0.497592
968  0.009561  0.048067 -0.497592
969  0.000000  0.049009 -0.497592
970 -0.009561  0.048067 -0.497592
971 -0.018755  0.045278 -0.497592
972 -0.027228  0.040749 -0.497592
973 -0.034654  0.034654 -0.497592
974 -0.040749  0.027228 -0.497592
975 -0.045278  0.018755 -0.497592
976 -0.048067  0.009561 -0.497592
977 -0.049009  0.000000 -0.497592
978 -0.048067 -0.009561 -0.497592
979 -0.045278 -0.018755 -0.497592
980 -0.040749 -0.027228 -0.497592
981 -0.034654 -0.034654 -0.497592
982 -0.027228 -0.040749 -0.497592
983 -0.018755 -0.045278 -0.497592
984 -0.009561 -0.048067 -0.497592
985  0.000000 -0.049009 -0.497592
986  0.009561 -0.048067 -0.497592
987  0.018755 -0.045278 -0.497592
988  0.027228 -0.040749 -0.497592
989  0.034654 -0.034654 -0.497592
990  0.040749 -0.027228 -0.497592
991  0.045278 -0.018755 -0.497592
992  0.048067 -0.009561 -0.497592
993  0.000000  0.000000 -0.500000
